9 20
7 29
24 34
70 34
66 45
70 122
84 66
122 151
142 84
151 187
142 216
187 212
216 267
212 262
227 228
265 232
203 233
232 263
267 329
262 322
263 392
304 265
376 203
329 450
362 435
322 368
614 304
286 520
376 377
405 459
466 362
473 323
392 976
435 502
976 517
480 520
550 480
368 450
458 524
489 459
601 632
536 502
632 633
575 640
524 589
598 597
644 643
654 592
630 599
630 536
654 558
683 592
597 690
644 830
765 652
558 767
659 660
575 667
740 640
643 751
690 776
589 765
740 825
830 794
802 834
720 683
847 630
970 660
667 902
776 810
871 802
810 881
1146 825
1146 976
751 1019
871 990
877 954
614 1019
794 914
881 1068
847 1006
887 971
974 902
838 1060
954 998
1006 887
974 1077
1148 1087
1087 1019
1040 1006
990 1026
1026 1060
1040 1070
1070 1135
976 1147
1032 1159
1063 998
1019 1212
1032 1060
1068 1198
1077 1205
1147 1116
1151 1121
1135 1201
1146 1291
1178 1116
1212 1350
1178 1243
1180 1210
1342 1151
1251 1222
1258 1201
1205 1286
1243 1324
1063 1428
1258 1318
1324 1345
1251 1273
1313 1366
1366 1406
1256 1230
1273 1329
1330 1276
1308 1276
1367 1317
1230 1317
1441 1318
1286 1342
1347 1382
1329 1459
1308 1398
1334 1404
1367 1472
1380 1350
1359 1520
1406 1526
1449 1450
1493 1423
1395 1501
1463 1398
1404 1468
1441 1474
1526 1562
1472 1562
1494 1423
1459 1496
1501 1549
1552 1464
1468 1467
1496 1545
1520 1549
1501 1620
1554 1553
1589 1506
1558 1506
1467 1558
1562 1594
1530 1474
1493 1574
1554 1588
1671 1526
1565 1677
1532 1566
1532 1604
1574 1652
1619 1549
1586 1587
1588 1659
1556 1629
1594 1672
1530 1676
1620 1737
1659 1704
1627 1588
1671 1754
1677 1678
1629 1745
1708 1663
1785 1677
1713 1678
1681 1604
1835 1494
1737 1806
1704 1744
1708 1672
1699 1744
1676 1906
1754 1879
1764 1866
1800 1869
1696 1801
1806 1896
1908 1785
1713 1861
1861 1981
1681 1932
1835 1867
1908 1882
1896 1943
1879 1974
1862 1909
1932 1955
1976 2023
1882 2023
1977 1882
1937 2066
1867 2074
2010 1961
1977 2025
2009 1961
1871 2010
1974 2052
1909 2089
2032 1957
2023 2055
1862 2181
2009 2039
2058 1981
1955 2065
2055 2065
2146 2044
2052 2127
2089 2225
2066 2042
2074 2140
2119 2095
2138 2032
2039 2142
2203 2025
2161 2095
2127 2200
2156 2058
2140 2187
2181 2207
2213 2138
2142 2235
2267 2146
2200 2245
2187 2307
2262 2234
2219 2203
2251 2222
2253 2156
2274 2222
2251 2329
2254 2225
2254 2332
2291 2233
2293 2235
2245 2373
2262 2311
2338 2161
2368 2267
2219 2355
2356 2377
2329 2470
2342 2260
2307 2342
2364 2393
2330 2380
2358 2330
2376 2375
2377 2376
2382 2414
2289 2421
2393 2527
2364 2394
2394 2530
2293 2426
2561 2368
2373 2462
2444 2358
2422 2289
2497 2291
2356 2571
2472 2444
2479 2622
2426 2628
2636 2468
2515 2470
2643 2497
2510 2610
2355 2713
2561 2580
2571 2742
2589 2616
2422 2668
2472 2798
2622 2698
2626 2774
2647 2749
2515 2689
2722 2643
2624 2724
2628 2775
2735 2736
2715 2636
2641 2696
2693 2519
2696 2799
2751 2780
2713 2880
2698 2772
2715 2761
2619 2767
2722 2802
2749 2806
2729 2780
2735 2786
2683 2791
2819 2742
2724 2827
2774 2850
2779 2807
2815 2896
2793 2616
2797 2716
2693 2822
2668 2804
2802 2804
2775 2884
2806 2886
2835 2750
2786 2841
2759 2737
2791 2911
2898 2793
2862 2798
2853 2750
2867 2807
2857 2808
2841 2873
2759 2876
2799 2881
2850 2901
2946 2888
2857 2890
2873 2929
2893 2875
2940 2880
2942 2884
2921 2888
2857 2950
2923 2890
2873 2931
2894 2875
2894 2934
2938 3038
2886 3041
2947 2921
2929 2928
2911 2937
2886 3039
2924 2923
2928 2953
3031 2931
2983 2893
2963 2986
2944 2971
2946 3001
2975 2947
2950 3005
3006 2924
2953 3027
2999 2944
3006 3053
3030 3031
2983 3087
3062 2934
2986 3033
2963 3066
3094 2965
3041 3042
3015 3101
3001 3082
3049 2975
3005 3024
2965 3096
3121 2937
3038 3151
3076 3015
3024 3108
3053 3137
3027 3111
3033 3114
3039 3152
3101 3129
2998 3079
3104 3082
3183 3087
3168 3066
3068 3185
3068 3149
3131 2999
3138 3030
3121 3175
3154 3042
3124 3123
3127 3213
3129 3178
3049 3198
3108 3181
3111 3164
3167 3183
3143 3144
3114 3144
3096 3189
3151 3164
3222 3075
3131 3161
3152 3176
3191 3123
3199 3181
3138 3167
3194 3179
3198 3199
3185 3202
3208 3189
3154 3219
3191 3219
3179 3227
3216 3202
9 7
1428 1359
2010 2042
2233 2234
2279 2207
2253 2279
2449 2421
2641 2449
2996 3075
3062 3089
3137 3176
3175 3208
3171 3230
