24814 2356
29901 2886
24764 2353
24754 2352
29841 2878
24747 2349
19660 1835
24727 2346
24707 2345
29794 2873
24638 2340
9377 854
24621 2337
4273 419
24595 2334
29682 2862
24501 2327
4153 406
24485 2325
24473 2323
14299 1271
24458 2321
24446 2317
24436 2315
24415 2313
24323 2306
9062 828
24285 2302
19198 1783
24247 2300
24207 2296
24015 2279
29102 2800
23978 2273
23930 2271
23887 2267
18800 1735
28974 2780
23872 2264
23792 2256
23723 2250
23703 2247
23695 2246
13521 1214
23659 2240
23652 2239
13478 1209
8391 781
23620 2236
23589 2232
3241 317
23556 2228
23456 2221
18369 1689
23454 2220
18367 1688
3106 300
23404 2217
3056 296
23345 2215
23274 2211
23270 2210
2922 283
23257 2209
23243 2208
23234 2206
23225 2205
23203 2203
23167 2198
2819 268
23142 2193
23130 2192
2782 266
23103 2189
23099 2188
28186 2690
23051 2185
22977 2180
17890 1628
22910 2172
22905 2171
22895 2168
22861 2164
22821 2162
7560 697
22816 2161
22792 2159
12618 1135
27879 2654
22750 2156
22692 2151
12518 1127
22678 2149
22666 2148
7405 680
22598 2138
22594 2137
22570 2135
22489 2130
22475 2127
12301 1112
22474 2126
22420 2123
22386 2120
22341 2117
12167 1100
1993 188
22339 2116
7078 657
22319 2115
22305 2114
22226 2107
22196 2105
6935 647
22184 2103
1836 168
27271 2590
22182 2102
6921 646
22166 2100
22164 2099
27251 2588
22130 2097
22127 2096
22110 2093
24453 2319
22096 2092
27183 2581
22078 2089
22027 2084
21981 2079
11807 1060
21904 2071
26991 2568
21897 2069
21895 2068
21867 2064
21845 2060
6584 624
21825 2058
16738 1512
31999 3178
21815 2057
11641 1046
21791 2054
21785 2053
21781 2052
31955 3174
21780 2051
26867 2553
21776 2050
21753 2048
1405 131
24079 2286
21722 2044
6461 615
26809 2545
21717 2043
21711 2042
21707 2040
16620 1501
21698 2037
26785 2544
31872 3161
21672 2032
24014 2278
18927 1759
21657 2031
21581 2027
31755 3142
23926 2270
21569 2026
31743 3139
21526 2019
21511 2016
16424 1479
21486 2014
21481 2011
6220 596
21480 2010
21477 2009
16390 1473
21461 2007
21459 2006
21453 2005
21407 2002
6146 585
23717 2249
21360 2000
1012 96
21344 1998
21316 1995
21312 1994
6051 577
21304 1993
21257 1990
21252 1989
16165 1447
21247 1988
21238 1986
21108 1981
21080 1976
21071 1975
21060 1973
5799 559
21054 1972
15967 1424
31228 3064
21050 1971
10876 985
21034 1967
10860 983
686 72
23381 2216
21024 1966
21019 1965
21018 1964
5757 551
10844 981
21015 1963
10841 980
31189 3053
20996 1961
648 69
31170 3047
20992 1960
5731 550
20971 1959
20966 1958
26053 2472
20866 1954
20855 1952
20769 1944
5508 540
20768 1943
5507 539
20767 1942
5506 538
20760 1941
20745 1940
20709 1937
20656 1933
20617 1931
25704 2438
20569 1929
20564 1928
22903 2170
20546 1927
15459 1372
5285 518
20530 1925
15443 1369
20528 1924
30702 2989
20511 1921
20479 1919
20469 1918
20404 1914
20382 1912
22687 2150
17600 1594
27774 2640
20330 1908
5069 489
30504 2963
20315 1905
5054 486
22646 2146
20289 1901
20260 1899
20235 1894
10061 915
20196 1893
20189 1892
10015 912
20159 1889
9985 909
20137 1888
20080 1885
4819 467
9906 902
20077 1884
20066 1883
24752 2351
9491 859
4404 428
20038 1879
20023 1877
9849 890
20022 1876
19995 1875
9821 886
22347 2118
19990 1874
19987 1873
25074 2373
30161 2910
19961 1871
14874 1325
19956 1869
19944 1868
19814 1863
19808 1862
19799 1861
19761 1856
19756 1855
19754 1854
29928 2888
24462 2322
9201 836
19748 1853
22092 2091
19735 1851
19731 1849
19725 1847
19720 1846
14633 1302
4459 432
29894 2885
19717 1845
14630 1301
19705 1844
24792 2354
14618 1297
19693 1840
19690 1839
19674 1836
29848 2880
19654 1833
19536 1827
19522 1825
19519 1823
19503 1820
14416 1282
9329 850
21851 2061
1503 138
19494 1819
14407 1281
29668 2861
19485 1818
19474 1817
4213 415
24175 2294
8914 822
29262 2817
19461 1816
19452 1815
24134 2293
3786 374
19420 1808
24116 2292
3768 372
19402 1804
24099 2289
19385 1799
19338 1796
19326 1794
9152 832
19311 1793
19289 1790
19273 1788
19181 1781
14094 1263
19157 1778
19143 1777
8969 825
19135 1776
19134 1775
21483 2013
1135 107
19126 1773
23813 2259
19099 1769
19070 1766
8896 820
19059 1763
19005 1762
18894 1757
13807 1240
23981 2274
18872 1753
18871 1752
18859 1750
13772 1239
18857 1749
18856 1748
18845 1745
8671 796
3584 351
18838 1744
18828 1743
18817 1740
3556 349
18812 1739
28986 2781
18807 1737
23512 2226
3164 305
18798 1734
23885 2266
23507 2225
28594 2738
18793 1733
13706 1233
21146 1982
18789 1732
18787 1731
18782 1730
23480 2223
8219 758
28567 2735
18766 1728
28940 2776
18739 1727
18699 1722
21046 1970
18689 1721
13602 1221
28863 2765
18666 1718
18588 1712
13501 1213
23675 2242
18585 1711
28759 2754
18574 1709
8400 782
18532 1708
18531 1707
3270 319
8357 776
18516 1704
18494 1702
18487 1701
8313 772
23178 2199
18464 1697
13377 1204
23162 2197
18448 1695
18434 1693
3173 307
18340 1685
3079 298
20669 1934
18312 1683
28486 2725
18304 1682
8130 748
18287 1678
18270 1675
3009 288
18261 1673
8087 743
22971 2179
18257 1672
18252 1671
22957 2178
18243 1670
18233 1667
18225 1665
8051 737
23312 2212
28399 2715
20581 1930
18224 1664
18222 1663
8048 736
18219 1662
22919 2173
18205 1659
18204 1658
18197 1657
18186 1656
18169 1655
22874 2166
18160 1653
18048 1647
7874 719
18029 1645
17991 1643
28165 2687
22697 2152
17610 1598
17983 1642
17970 1641
2709 258
20326 1907
17969 1640
17922 1636
2661 249
28096 2681
17920 1635
17909 1633
22621 2141
17907 1632
22606 2140
17892 1629
20244 1895
25331 2401
17887 1627
17877 1626
17876 1625
17873 1624
17867 1622
22571 2136
17857 1620
17852 1619
28026 2674
20105 1887
17748 1614
17718 1611
17716 1610
12629 1138
17657 1606
27831 2647
17652 1605
17642 1603
17639 1602
17614 1599
19965 1872
17608 1596
17598 1593
7424 682
17594 1592
17589 1591
22297 2113
17583 1590
24643 2342
4295 420
17572 1589
12485 1124
2311 215
17554 1588
24620 2336
14446 1285
17549 1587
17547 1586
17533 1584
24594 2333
17523 1582
17509 1579
17505 1578
17497 1577
24559 2330
17488 1576
22201 2106
6940 648
17114 1540
17487 1575
17486 1574
12399 1117
17445 1573
24511 2328
4163 409
17440 1572
22527 2133
17380 1570
17337 1568
17335 1567
17322 1565
17312 1564
27486 2614
17279 1561
17270 1560
17262 1557
17257 1556
17255 1555
17244 1554
17241 1553
24307 2305
17236 1551
27410 2606
19592 1830
17235 1550
12148 1098
17212 1548
12125 1095
17211 1547
1950 180
12124 1094
27385 2603
17205 1546
27379 2602
17194 1544
1933 178
24255 2301
17184 1543
17169 1542
6995 653
21852 2062
17138 1541
6964 651
27312 2596
17099 1539
19439 1811
17082 1537
19431 1810
17074 1535
21751 2047
17037 1533
32298 3230
17007 1531
16986 1528
16972 1525
16942 1523
16915 1519
16891 1518
21584 2028
16870 1517
16832 1515
16741 1513
26915 2559
16732 1511
16668 1509
31929 3170
16659 1507
16645 1505
16640 1504
16639 1503
31900 3166
23691 2245
8430 787
16605 1497
21692 2035
26779 2543
16595 1495
16564 1490
16554 1489
16552 1488
1291 122
11465 1034
16539 1487
1278 119
18820 1741
28994 2784
16463 1483
31724 3135
16459 1482
16443 1481
11356 1022
16421 1478
16413 1476
16397 1475
16395 1474
21482 2012
21104 1979
26191 2485
16365 1470
1104 104
18721 1726
16364 1469
16354 1467
16344 1466
16331 1465
6157 588
18685 1719
16328 1464
1067 101
16327 1463
31588 3113
16245 1455
20956 1956
15869 1417
5695 548
16242 1454
21329 1996
31503 3099
16201 1453
11114 1006
31462 3095
16188 1449
16183 1448
18522 1705
8348 774
18507 1703
16150 1445
23186 2200
16115 1443
16086 1442
825 82
31347 3079
16078 1440
16060 1436
16051 1435
10964 988
16047 1434
5873 567
31308 3074
16009 1432
26183 2484
20718 1938
18361 1687
13274 1193
16004 1430
21091 1978
18357 1686
16000 1429
15996 1428
10909 986
31257 3069
15974 1426
15961 1423
31222 3062
15916 1421
31177 3049
22946 2175
15875 1419
18228 1666
2967 285
15871 1418
26045 2471
22902 2169
20545 1926
15831 1414
570 62
10744 972
20509 1920
15795 1413
10708 963
22845 2163
18131 1652
2870 276
15774 1411
15762 1410
15760 1409
15753 1408
15736 1406
15726 1405
18079 1649
15722 1403
15719 1402
10632 955
15717 1401
5543 543
15710 1400
15692 1397
431 50
15687 1396
25861 2452
15674 1394
5500 537
10587 950
22728 2153
20371 1910
5110 497
15657 1393
5483 534
15655 1392
15644 1391
20731 1939
15630 1389
15625 1388
10538 942
15624 1387
15610 1386
5436 529
25784 2445
17938 1639
15581 1384
15554 1382
10467 939
20251 1896
15537 1381
15496 1379
15492 1378
231 31
30753 2997
15478 1376
15467 1375
15460 1373
15450 1371
30711 2991
15448 1370
30709 2990
15413 1367
15406 1366
15398 1365
5224 515
17736 1612
15379 1362
15356 1360
15353 1359
92 12
5179 508
30614 2975
15343 1358
25517 2419
15337 1357
76 8
15325 1356
20412 1915
24746 2348
15318 1355
15298 1353
5124 500
30559 2968
15286 1352
20373 1911
15249 1350
10162 922
15231 1348
15136 1340
15112 1339
25286 2395
15107 1338
15075 1336
24494 2326
19407 1805
15066 1335
25240 2390
15063 1334
22117 2094
15046 1333
4872 474
15031 1331
30292 2929
14985 1327
14919 1326
24302 2304
24299 2303
14871 1324
14831 1321
21868 2065
1520 140
14797 1320
14731 1314
21799 2056
19442 1813
14728 1313
14724 1312
19418 1807
14331 1275
14704 1310
14693 1309
17046 1534
1785 162
14689 1308
24863 2360
24105 2291
29192 2808
19391 1801
14677 1307
19764 1857
14675 1306
14672 1305
17025 1532
14668 1304
24061 2283
14626 1300
16980 1527
14623 1299
14611 1296
19698 1842
14600 1294
19687 1838
4426 430
24009 2277
14581 1293
29842 2879
14520 1292
14484 1290
14470 1289
14458 1286
19130 1774
23835 2261
19121 1772
14034 1256
8947 823
23827 2260
28914 2771
14399 1280
4225 417
7956 729
10313 934
24455 2320
2508 236
8749 805
22891 2167
2543 239
10306 933
2565 241
30849 3009
7001 654
978 94
31619 3116
1593 148
32234 3218
511 56
14653 1303
21531 2020
2675 253
7389 679
14460 1287
6347 608
10012 911
19440 1812
17516 1581
9635 866
5797 558
31232 3065
19941 1867
8025 735
954 91
11128 1008
29099 2799
22028 2085
32202 3214
5807 560
10590 951
5876 568
24749 2350
5893 569
16067 1438
5576 545
31011 3028
5084 491
5962 574
11049 1000
1621 152
27548 2618
13042 1174
1257 116
5971 575
31406 3086
10193 923
2088 198
31695 3129
6049 576
3692 363
8406 783
17872 1623
6087 578
31522 3101
8305 771
22604 2139
6105 579
31540 3103
5827 563
10541 943
12898 1161
208 27
30730 2994
7719 706
3005 287
13179 1182
6108 580
31543 3104
6132 582
6155 587
6158 589
25014 2369
8376 779
20161 1890
20325 1906
6183 592
12862 1156
3933 384
11004 992
31352 3080
6290 605
31725 3136
15214 1345
24642 2341
26134 2480
5786 556
29356 2833
6460 614
1792 163
6506 617
6565 623
23020 2183
8878 818
6660 631
9895 898
14609 1295
12252 1108
28751 2752
6734 638
25599 2426
13814 1241
23242 2207
2894 280
9965 907
6743 639
32178 3210
6888 643
16322 1462
15949 1422
21036 1968
6894 644
8104 744
7066 655
7094 658
4737 460
29053 2793
18879 1754
18889 1756
7104 659
11414 1031
27913 2660
7118 662
11554 1043
31902 3167
11863 1065
7149 664
9367 853
7171 665
22440 2124
15369 1361
8298 769
31868 3159
7189 667
21372 2001
7230 669
8339 773
7418 681
11883 1069
16597 1496
7447 683
31017 3030
9665 871
4951 477
26164 2482
23807 2258
7472 685
5115 498
30550 2967
14051 1257
9709 875
12066 1089
11927 1073
14431 1284
9717 877
289 38
6342 607
16516 1486
2374 220
30658 2982
9862 894
7505 692
7528 694
11964 1077
7572 700
8681 798
30448 2951
15187 1344
7591 701
27939 2663
7640 702
7686 705
8795 808
12122 1093
21922 2075
19578 1829
7793 710
7831 714
4241 418
7861 716
7873 718
29977 2893
22044 2087
17330 1566
3188 309
7902 724
24401 2312
1693 156
22041 2086
23160 2196
7899 723
17376 1569
24447 2318
19733 1850
19743 1852
3244 318
8006 734
26862 2552
31631 3118
8066 740
8082 742
17510 1580
22251 2108
6140 584
22639 2144
27353 2601
10576 948
17647 1604
8262 764
29475 2845
20047 1881
5934 572
8291 767
20297 1903
30471 2955
6901 645
8303 770
8366 778
8385 780
3671 358
28760 2755
8412 784
24046 2281
3698 364
8618 793
3904 380
29831 2877
18046 1646
3307 324
5664 546
8690 799
32141 3204
1619 151
11047 999
8693 800
8710 802
1639 153
3996 387
7076 656
4719 455
11790 1058
25932 2457
18166 1654
8738 804
10956 987
8764 806
3677 360
10748 973
1554 142
10982 989
26243 2488
18241 1669
4102 398
8841 816
14301 1272
4127 399
25340 2402
18324 1684
6243 597
18442 1694
6657 630
16085 1441
11371 1024
11093 1004
9055 827
18483 1700
1984 185
10261 929
25522 2420
1952 181
9184 834
9276 843
18704 1723
28132 2683
9306 847
9440 856
7948 728
28296 2704
21225 1984
4727 458
9441 857
15184 1343
31683 3126
9497 860
23797 2257
14369 1279
12085 1090
9728 878
1494 137
15636 1390
27421 2607
12160 1099
28659 2744
12021 1085
9805 884
5091 494
31018 3031
9838 888
5142 503
7499 691
9856 892
32188 3212
16927 1522
11935 1075
19306 1792
26377 2496
9878 895
30226 2916
2829 269
9900 900
29338 2828
19164 1779
14620 1298
16838 1516
9989 910
21774 2049
25996 2465
561 60
10735 970
17806 1617
7143 663
30713 2992
16571 1492
16291 1459
30433 2947
21836 2059
10051 914
10118 920
30466 2954
10223 924
10225 925
19653 1832
29827 2876
27470 2610
13328 1200
10249 927
10339 935
13085 1177
29584 2856
23731 2251
5794 557
8151 750
31721 3133
10553 945
10628 954
29484 2846
30230 2917
20056 1882
31893 3165
1252 115
31774 3147
29538 2851
8245 762
9490 858
10728 968
25989 2464
31076 3036
17800 1616
10729 969
1301 123
31823 3156
10737 971
10776 974
10820 976
32033 3183
6978 652
27326 2598
29683 2863
10550 944
24692 2344
22749 2155
27463 2609
11035 997
32248 3222
26477 2504
1042 98
31564 3109
29207 2812
11077 1003
5721 549
13484 1210
11127 1007
6413 611
9199 835
15853 1415
11139 1009
11210 1013
22995 2181
28082 2678
30439 2949
25725 2440
4512 439
18654 1716
13641 1225
30140 2907
11284 1017
26550 2511
11289 1018
16073 1439
11359 1023
31707 3130
5780 554
9591 863
18463 1696
472 52
10646 956
20820 1949
11392 1028
23213 2204
11428 1032
10682 961
20856 1953
11442 1033
6728 637
16156 1446
31417 3088
11488 1036
16298 1461
11584 1045
26845 2550
3275 320
7989 732
4708 453
18850 1747
11779 1057
16626 1502
32260 3227
11912 1071
27173 2580
28451 2721
167 23
30689 2987
48 6
11970 1078
11989 1079
19080 1768
12009 1083
12041 1086
12104 1091
15313 1354
8242 761
9768 881
12138 1097
23991 2275
10243 926
25504 2417
24395 2311
26752 2538
29109 2801
7896 722
17741 1613
12196 1103
31052 3034
25100 2375
9839 889
9327 849
24853 2357
27210 2583
24861 2358
24876 2361
31947 3173
27233 2585
24930 2363
32001 3179
27287 2593
24981 2364
24986 2365
17915 1634
32057 3188
22629 2142
26940 2561
11679 1049
23464 2222
9322 848
24987 2366
24999 2367
17928 1637
22642 2145
25006 2368
7270 673
25033 2370
25101 2376
6245 598
11820 1063
7106 660
25128 2378
1558 143
3915 382
20414 1916
31718 3132
6283 604
25136 2379
32207 3216
25151 2380
22794 2160
1581 146
11406 1030
31368 3083
12512 1126
25958 2460
28315 2706
29280 2819
11509 1038
2081 197
30362 2941
25648 2429
29904 2887
29415 2839
29177 2807
29434 2842
1150 108
8221 759
32139 3203
28893 2768
29522 2849
29281 2820
8068 741
15139 1341
6255 600
7364 678
5007 482
29544 2852
29070 2795
12571 1128
26365 2495
30950 3016
22930 2174
18216 1661
11145 1010
29663 2860
29697 2865
29225 2814
31582 3112
31930 3171
29739 2867
30280 2925
27575 2620
25411 2408
29497 2847
30295 2931
29770 2869
29773 2870
30314 2934
31396 3085
7566 699
30855 3011
29787 2872
13288 1194
20359 1909
6785 641
29796 2874
29354 2832
31711 3131
29878 2882
32235 3219
2665 251
7752 708
28965 2779
27714 2634
4144 404
9904 901
25165 2382
31819 3154
29371 2835
29885 2883
31508 3100
30967 3020
29886 2884
11030 996
885 88
26320 2493
29647 2859
29971 2892
29980 2894
25266 2392
807 81
22020 2082
28916 2772
30103 2903
26327 2494
2496 235
21352 1999
11924 1072
26894 2557
967 92
22180 2101
29084 2798
19656 1834
30193 2913
30269 2922
1985 186
23198 2202
30810 3006
30291 2928
27045 2571
12903 1162
11320 1020
29064 2794
31769 3146
30349 2938
22413 2122
2065 194
13850 1245
29754 2868
31972 3177
8277 766
1206 113
833 83
5920 570
26021 2467
11879 1068
2704 256
28139 2684
30496 2961
30357 2939
27135 2577
6787 642
4430 431
8198 755
30378 2942
30411 2943
32034 3184
30802 3004
10454 938
29310 2823
30416 2944
30422 2945
29405 2838
32056 3187
30184 2912
25470 2414
30441 2950
30493 2960
30520 2965
30271 2923
1987 187
16129 1444
8172 751
31742 3138
5815 561
30528 2966
11672 1047
30593 2972
27347 2600
6134 583
15562 1383
22633 2143
31454 3093
30088 2902
25374 2405
19512 1822
26583 2513
7727 707
30602 2973
28438 2720
4868 473
30663 2984
11061 1002
21235 1985
7958 730
13045 1175
28306 2705
30670 2985
29 2
31752 3141
15253 1351
30682 2986
30114 2905
31223 3063
29416 2840
10560 946
30701 2988
9089 830
29051 2792
31408 3087
30160 2909
30717 2993
4790 462
28070 2677
11571 1044
29610 2858
13111 1179
17825 1618
25282 2394
4069 395
31666 3124
2071 195
12245 1107
21673 2033
749 77
12907 1163
7820 712
26256 2489
11017 995
30979 3023
2633 245
12061 1088
31467 3096
30996 3025
5570 544
31497 3098
27750 2638
1823 164
31429 3091
29299 2822
3372 328
32250 3223
8061 739
28409 2717
25540 2422
30627 2977
32123 3199
31781 3148
29424 2841
30272 2924
30786 3002
11930 1074
6675 633
31814 3151
29363 2834
30472 2956
2188 205
18687 1720
26685 2530
5141 502
25103 2377
31757 3143
31216 3059
28421 2718
31562 3108
27775 2641
30803 3005
162 22
31344 3078
28987 2782
30348 2937
28184 2689
25827 2449
26020 2466
28377 2713
31038 3032
32147 3205
26196 2486
25655 2431
2588 242
9242 842
29204 2811
31422 3090
30931 3014
28574 2736
32118 3197
32245 3221
29123 2804
93 13
10267 930
12624 1136
19695 1841
5759 552
31194 3054
25649 2430
31621 3117
6186 593
32113 3195
25042 2371
32136 3201
28349 2709
31649 3121
32206 3215
25714 2439
27844 2649
27303 2594
1376 129
26762 2540
31767 3145
32024 3182
7193 668
28406 2716
29373 2836
30482 2958
28125 2682
27155 2579
31869 3160
8672 797
3585 352
11772 1056
28271 2700
30625 2976
25215 2384
27132 2576
30459 2952
2175 204
8820 814
11177 1011
31000 3026
2716 259
32258 3225
29286 2821
29340 2829
27122 2574
30476 2957
26040 2470
31785 3149
31277 3071
32137 3202
32294 3229
30318 2936
30575 2969
28218 2695
32117 3196
3833 376
32097 3193
13241 1190
26476 2503
25935 2458
4722 456
23578 2231
8270 765
28618 2741
31945 3172
29337 2827
31694 3128
26980 2565
31555 3106
27621 2630
6674 632
28854 2762
25608 2427
2777 265
29393 2837
30502 2962
25788 2446
29264 2818
14003 1254
32044 3185
3760 371
31664 3123
25495 2416
30582 2970
16440 1480
31650 3122
12794 1150
24579 2331
30245 2918
25158 2381
26460 2500
6112 581
17897 1630
31238 3066
19063 1764
29237 2815
31455 3094
30028 2898
25314 2398
31110 3041
26160 2481
30647 2980
14148 1265
28199 2693
14057 1258
32177 3209
27090 2573
9353 852
31533 3102
28287 2702
29966 2891
26179 2483
28536 2729
7180 666
28251 2699
2324 217
30423 2946
29314 2824
26022 2468
29201 2810
28092 2680
27551 2619
13409 1206
29569 2854
10713 964
25813 2448
30249 2919
31358 3081
717 74
31104 3039
463 51
30316 2935
28693 2745
7480 686
21622 2029
32063 3189
28587 2737
26719 2534
24362 2307
30178 2911
30435 2948
31125 3043
27906 2659
9803 883
30151 2908
5089 493
25437 2410
26824 2548
31206 3056
26492 2507
565 61
31157 3045
31133 3044
31094 3038
28737 2750
2810 267
25089 2374
4368 424
29803 2875
3876 378
27307 2595
31084 3037
31303 3073
31046 3033
30972 3022
7672 704
30961 3019
29503 2848
16568 1491
31829 3157
20044 1880
27393 2604
30747 2996
26311 2491
27141 2578
27785 2643
31112 3042
4812 466
9899 899
31106 3040
31877 3162
8723 803
32012 3180
26467 2501
6523 619
31958 3176
11996 1080
27603 2628
4033 392
27829 2646
13687 1231
30047 2901
6477 616
31183 3051
25178 2383
29114 2802
5171 505
10258 928
31332 3076
30926 3012
2642 246
9713 876
26490 2506
29018 2789
7805 711
25772 2444
11243 1014
10827 978
31175 3048
2891 279
28957 2778
673 71
28928 2774
28921 2773
28910 2770
30587 2971
25873 2454
28369 2712
11375 1025
31723 3134
3439 340
22295 2112
28904 2769
10048 913
6707 635
28887 2767
27264 2589
5305 519
15479 1377
8420 786
28856 2763
28843 2761
26679 2529
9928 903
28781 2758
12117 1092
28752 2753
26588 2515
21874 2066
32091 3192
27655 2632
27577 2621
28619 2742
31432 3092
26996 2569
28215 2694
23128 2191
26455 2499
26082 2474
31169 3046
30304 2933
9956 906
28617 2740
29196 2809
7983 731
25869 2453
31886 3163
28559 2733
12060 1087
21488 2015
25225 2386
28552 2731
29120 2803
28011 2672
9340 851
29688 2864
30797 3003
30213 2915
27995 2668
28504 2727
27963 2665
31816 3152
28489 2726
9633 865
10678 959
29531 2850
28422 2719
27854 2652
28367 2711
25662 2434
28019 2673
29352 2831
31570 3111
26856 2551
28243 2698
29327 2825
31545 3105
28197 2692
8181 753
28174 2688
9302 846
31634 3119
16373 1472
31482 3097
26768 2541
28155 2686
11497 1037
28048 2676
4478 434
31370 3084
28043 2675
26900 2558
28009 2671
28001 2670
27983 2667
6770 640
27981 2666
2054 192
4411 429
27919 2662
15701 1399
10987 990
25682 2437
27900 2658
27898 2657
29034 2791
26816 2546
27894 2656
27886 2655
1959 182
27857 2653
6644 629
26775 2542
32281 3228
25627 2428
27845 2650
28933 2775
27824 2645
27245 2587
29998 2896
19332 1795
4071 396
18213 1660
27780 2642
28869 2766
27760 2639
8904 821
23046 2184
32223 3217
13367 1202
26678 2528
7822 713
27743 2637
13601 1220
25509 2418
13724 1236
31054 3035
27727 2636
27725 2635
31363 3082
11015 994
13233 1188
29868 2881
27650 2631
27597 2626
27593 2625
25236 2389
27587 2624
25230 2387
4017 390
27487 2615
27482 2613
8627 794
31916 3168
1275 118
27480 2612
27472 2611
26931 2560
3361 326
15146 1342
2477 234
7564 698
16619 1500
21706 2039
25308 2397
4095 397
30765 2998
21337 1997
28547 2730
27438 2608
30361 2940
25274 2393
27400 2605
26318 2492
391 47
5105 495
16577 1493
26751 2537
26100 2475
31187 3052
25555 2423
30642 2979
27315 2597
28395 2714
27286 2592
27235 2586
27221 2584
27206 2582
25968 2461
10707 962
31669 3125
28342 2708
26124 2478
27025 2570
32112 3194
26702 2532
7846 715
15442 1368
10355 936
26990 2567
3047 295
8134 749
22276 2110
26985 2566
5772 553
26948 2562
26893 2556
24020 2280
3672 359
20171 1891
31956 3175
26869 2554
29080 2797
31292 3072
25233 2388
1663 155
4020 391
26821 2547
894 89
26743 2536
26734 2535
31821 3155
26716 2533
19645 1831
26699 2531
3476 344
5833 564
31760 3144
26673 2527
29987 2895
8774 807
26660 2526
3090 299
26659 2525
26621 2522
26080 2473
32157 3207
26612 2520
26606 2519
30954 3018
5519 542
26590 2516
26584 2514
20387 1913
25474 2415
26580 2512
26510 2509
30928 3013
27583 2623
31561 3107
26474 2502
30818 3007
26382 2497
24087 2288
26305 2490
28999 2785
25672 2435
18601 1713
28860 2764
32254 3224
1732 160
31217 3060
26130 2479
26109 2477
27786 2644
25568 2425
26101 2476
174 25
28951 2777
25978 2463
8232 760
25976 2462
8213 756
25957 2459
18886 1755
28150 2685
13956 1251
29217 2813
25890 2455
31418 3089
25843 2450
10301 932
2538 238
4522 441
9609 864
25754 2443
25738 2442
25729 2441
29004 2786
25677 2436
25657 2432
11515 1039
25533 2421
11343 1021
26604 2517
28822 2760
31015 3029
25444 2412
25436 2409
13651 1227
23079 2187
28731 2749
25404 2407
32051 3186
25397 2406
1827 166
15969 1425
28701 2747
25342 2403
4129 400
25321 2399
18383 1691
28557 2732
30775 2999
9562 862
23704 2248
25221 2385
2440 231
7527 693
4797 463
9884 896
2438 230
81 10
21294 1992
2421 227
2416 226
59 7
18915 1758
23629 2237
1875 172
7498 690
2411 224
4768 461
6267 601
26615 2521
30464 2953
10116 919
5029 485
19171 1780
315 41
30837 3008
15600 1385
20314 1904
2845 272
7559 696
9014 826
19188 1782
3927 383
2238 211
23451 2219
9980 908
2217 210
18716 1725
21634 2030
31808 3150
1286 120
22499 2132
26029 2469
594 65
14736 1317
9649 869
10563 947
17634 1601
2211 207
9655 870
4568 444
23424 2218
2197 206
6624 627
1910 177
9857 893
24372 2308
19285 1789
10508 941
5421 526
14849 1323
30110 2904
30127 2906
4692 450
4148 405
18290 1679
28464 2723
23017 2182
2669 252
4833 469
23689 2244
1898 176
260 35
2424 229
3506 346
25442 2411
7 0
18863 1751
1871 171
25465 2413
5117 499
1869 170
16011 1433
31272 3070
6517 618
3704 366
741 76
7287 676
11713 1052
10579 949
1151 109
1707 158
13492 1212
7495 689
22010 2081
16923 1521
3032 292
2775 264
2377 222
23590 2233
11264 1016
5431 527
20692 1936
1606 150
18105 1651
15748 1407
31009 3027
31340 3077
10992 991
20420 1917
3229 315
872 86
8179 752
24678 2343
138 20
30660 2983
3398 333
22254 2109
27341 2599
24611 2335
29698 2866
1414 132
3835 377
32119 3198
1597 149
8216 757
22358 2119
12184 1101
1562 144
8813 812
3726 367
8440 789
1546 141
1464 136
13249 1192
28510 2728
226 30
12011 1084
2005 189
25058 2372
4710 454
1968 184
372 45
5086 492
2898 281
19397 1803
31182 3050
10834 979
17905 1631
3044 293
6639 628
21900 2070
32074 3190
11386 1026
29253 2816
13992 1253
31892 3164
1370 128
29162 2806
3727 368
1360 127
11534 1042
19867 1865
30041 2899
4606 445
21105 1980
27488 2616
2053 191
16195 1451
4217 416
11315 1019
86 11
2881 277
558 59
310 40
21523 2017
8631 795
13718 1235
519 57
1937 179
29076 2796
3641 354
266 36
4980 480
9679 873
5784 555
31219 3061
238 32
25658 2433
30745 2995
223 29
477 53
11516 1040
21690 2034
31864 3158
6429 612
6389 610
11476 1035
548 58
7930 726
19067 1765
8893 819
30852 3010
20678 1935
1130 106
17629 1600
5458 532
175 26
7246 671
7911 725
2356 219
1448 134
6535 620
2099 199
1585 147
2077 196
27512 2617
12134 1096
9777 882
23919 2269
11388 1027
21562 2023
31736 3137
31566 3110
1044 99
2282 213
17543 1585
395 48
4831 468
117 16
43 5
23613 2235
28700 2746
9297 845
16368 1471
2643 247
14428 1283
23856 2262
425 49
13821 1243
23995 2276
32130 3200
6695 634
29774 2871
4339 423
20838 1951
24582 2332
3176 308
19675 1837
25323 2400
10062 916
14776 1319
27 1
12005 1082
1831 167
31607 3115
6172 591
11259 1015
2913 282
2664 250
1893 175
21937 2076
26651 2524
21564 2024
5438 530
351 43
31818 3153
6383 609
11877 1067
5926 571
381 46
2399 223
11043 998
3972 385
5498 536
2216 209
2705 257
20815 1948
30989 3024
25902 2456
336 42
7780 709
2693 255
23069 2186
2721 260
14506 1291
2518 237
17779 1615
21747 2046
31921 3169
10469 940
295 39
18430 1692
28604 2739
8256 763
29469 2844
14208 1268
23636 2238
17609 1597
2348 218
30652 2981
130 19
1239 114
12278 1109
22452 2125
2847 273
26417 2498
982 95
24552 2329
30199 2914
9851 891
32 3
21245 1987
6943 649
21085 1977
7112 661
12199 1104
8872 817
3785 373
13213 1185
25296 2396
4948 476
9098 831
11816 1062
32164 3208
6271 602
13342 1201
23143 2194
18056 1648
726 75
22533 2134
7272 674
23771 2255
16700 1510
26874 2555
31598 3114
6163 590
24888 2362
4540 442
31213 3057
21039 1969
5081 490
5850 565
9826 887
1864 169
16006 1431
579 64
27998 2669
7650 703
17078 1536
1444 133
21792 2055
10138 921
2375 221
3386 330
1029 97
1087 103
26522 2510
3792 375
27607 2629
2172 203
6946 650
16662 1508
1401 130
20257 1898
860 84
24430 2314
7879 720
24378 2309
21285 1991
16198 1452
11111 1005
116 15
16615 1499
21702 2038
23686 2243
28773 2757
3362 327
19861 1864
630 67
15518 1380
30779 3001
5344 522
9421 855
4958 478
2601 243
19100 1770
29552 2853
9204 837
18632 1714
28806 2759
2550 240
4161 408
14335 1276
1265 117
22478 2128
11733 1053
18804 1736
643 68
5357 523
10444 937
8446 790
5936 573
10650 957
2833 270
13007 1170
283 37
12641 1141
2467 233
668 70
26968 2564
21881 2067
6594 625
26484 2505
1049 100
23663 2241
18576 1710
28750 2751
10824 977
3418 337
12852 1154
19923 1866
22280 2111
36 4
12784 1149
1118 105
31640 3120
6205 594
9084 829
4370 425
15036 1332
30297 2932
212 28
12370 1116
7283 675
26756 2539
1321 124
15463 1374
5108 496
2950 284
14735 1316
19449 1814
502 54
15390 1364
5216 513
129 18
3207 311
16976 1526
22063 2088
14992 1328
30253 2920
759 78
9697 874
30045 2900
10725 967
573 63
14715 1311
19429 1809
31214 3058
10866 984
692 73
9747 879
14834 1322
32022 3181
11674 1048
25368 2404
5020 483
11187 1012
20252 1897
10078 917
19506 1821
24220 2298
26950 2563
21863 2063
11689 1050
10592 952
4386 427
24734 2347
27130 2575
1695 157
11869 1066
1888 174
32190 3213
11842 1064
2414 225
27849 2651
6297 606
13368 1203
15725 1404
18082 1650
2970 286
31200 3055
10852 982
20280 1900
871 85
143 21
1572 145
22785 2158
2681 254
3019 289
28454 2722
8106 745
19074 1767
14733 1315
9646 867
1883 173
6597 626
18382 1690
2853 274
21709 2041
25558 2424
5210 512
123 17
9227 841
4140 402
30634 2978
112 14
15224 1347
30485 2959
13986 1252
6541 621
1454 135
13239 1189
15216 1346
28730 2748
3295 323
15080 1337
25254 2391
16189 1450
2213 208
16355 1468
21069 1974
31243 3067
30507 2964
15246 1349
11812 1061
21986 2080
1287 121
3644 356
9647 868
4560 443
16583 1494
1322 125
23918 2268
29005 2787
19208 1784
2726 261
23939 2272
29026 2790
2736 262
2769 263
10721 966
3277 321
8364 777
12844 1152
17931 1638
5176 507
30944 3015
10596 953
11802 1059
27063 2572
6715 636
26605 2518
1170 110
17530 1583
6453 613
15881 1420
18238 1668
14762 1318
30023 2897
9675 872
22952 2177
2604 244
23742 2252
3394 332
2860 275
17002 1530
11742 1055
4671 447
14099 1264
23527 2227
27668 2633
7320 677
28319 2707
2884 278
21740 2045
26827 2549
10654 958
2323 216
18822 1742
3432 338
28272 2701
2837 271
24050 2282
5055 487
7871 717
28219 2696
3435 339
12863 1157
31684 3127
6249 599
12574 1129
22748 2154
4004 389
15789 1412
4496 435
29931 2889
28761 2756
8413 785
13127 1180
7458 684
19243 1786
8109 746
3022 290
4154 407
13209 1184
18296 1680
32240 3220
1718 159
11892 1070
3123 302
17265 1558
32153 3206
21979 2078
4205 412
9292 844
28562 2734
3127 303
17269 1559
882 87
3239 316
4209 414
8709 801
2055 193
5328 520
24184 2295
3167 306
25789 2447
354 44
19210 1785
21567 2025
8816 813
3729 369
2105 200
8803 810
13890 1248
3214 312
27916 2661
12655 1142
19726 1848
4852 471
15026 1330
3287 322
19786 1860
22143 2098
3349 325
12233 1106
16947 1524
24391 2310
19304 1791
17086 1538
2263 212
3379 329
4461 433
23317 2213
8056 738
10089 918
5002 481
23858 2263
20514 1922
22871 2165
29942 2890
4507 436
16292 1460
21006 1962
15860 1416
5686 547
3471 343
8185 754
13669 1229
8582 792
3495 345
7945 727
3509 347
12937 1166
7990 733
12704 1145
19775 1859
24862 2359
12490 1125
28989 2783
3554 348
245 33
19101 1771
3572 350
3624 353
22480 2129
4706 452
18848 1746
11405 1029
13762 1238
20833 1950
18476 1698
28650 2743
773 79
5860 566
9811 885
4724 457
4185 411
3653 357
4735 459
23591 2234
9225 840
3680 361
1509 139
12921 1164
18008 1644
8828 815
3741 370
11706 1051
16793 1514
10680 960
506 55
19362 1798
3900 379
29335 2826
15685 1395
25859 2451
15694 1398
14083 1261
3909 381
17434 1571
7260 672
6151 586
20293 1902
1768 161
3986 386
5129 501
29445 2843
19271 1787
4038 393
4048 394
9220 839
4133 401
29578 2855
14317 1274
4143 403
23745 2253
13571 1217
3024 291
18285 1677
4684 448
16469 1484
11009 993
21183 1983
13323 1198
32179 3211
1657 154
16918 1520
22751 2157
7490 687
10790 975
5245 516
24101 2290
19387 1800
9213 838
3058 297
17200 1545
21914 2073
4167 410
5817 562
17602 1595
19959 1870
4664 446
9751 880
14465 1288
4206 413
4297 421
20796 1947
7892 721
23153 2195
3199 310
17714 1609
12627 1137
4308 422
30284 2926
4849 470
17861 1621
22948 2176
24067 2284
18980 1761
8806 811
6561 622
5452 531
17237 1552
4373 426
12189 1102
11053 1001
12579 1131
12206 1105
17293 1563
1181 111
20037 1878
4509 438
18651 1715
3409 335
4518 440
18660 1717
30777 3000
255 34
4969 479
21468 2008
6207 595
4691 449
4699 451
31745 3140
16484 1485
18302 1681
8128 747
24627 2338
9888 897
4801 464
4802 465
3703 365
18961 1760
9945 905
30293 2930
4858 472
11526 1041
22398 2121
2050 190
4929 475
21428 2004
23557 2229
8296 768
5025 484
21524 2018
23881 2265
624 66
5060 488
21559 2022
21912 2072
32086 3191
11738 1054
18809 1738
8432 788
6275 603
1188 112
21536 2021
26623 2523
79 9
5166 504
3415 336
23763 2254
8502 791
13216 1186
30610 2974
5175 506
5189 509
5193 510
10284 931
5197 511
1348 126
16609 1498
21696 2036
785 80
17284 1562
5221 514
24080 2287
172 24
5259 517
7557 695
5339 521
1824 165
11998 1081
908 90
27954 2664
12693 1144
976 93
27276 2591
22189 2104
5412 524
5416 525
21915 2074
5433 528
2109 202
16251 1456
20965 1957
18481 1699
3220 313
17223 1549
1962 183
29150 2805
8802 809
5475 533
21974 2077
4508 437
19769 1858
11952 1076
22126 2095
24483 2324
5488 535
30290 2927
9942 904
7491 688
27839 2648
12578 1130
12282 1110
2108 201
19353 1797
14266 1269
24440 2316
9179 833
12284 1111
24069 2285
22085 2090
16998 1529
32259 3226
12308 1113
12324 1114
27601 2627
12340 1115
29585 2857
19411 1806
12431 1118
8955 824
24216 2297
12444 1119
12449 1120
19520 1824
12461 1121
19532 1826
2304 214
12478 1123
24636 2339
19549 1828
12594 1132
2423 228
12597 1133
22025 2083
2443 232
12617 1134
12632 1139
19703 1843
9529 861
12640 1140
14997 1329
30258 2921
12680 1143
12725 1146
12730 1147
12776 1148
28086 2679
2651 248
12825 1151
12847 1153
12861 1155
12866 1158
12887 1159
12897 1160
28187 2691
12926 1165
12945 1167
17659 1607
12963 1168
28224 2697
12972 1169
17686 1608
13016 1171
20087 1886
24801 2355
23194 2201
13020 1172
28289 2703
13028 1173
15385 1363
13067 1176
7234 670
27582 2622
22495 2131
28359 2710
13098 1178
13128 1181
18269 1674
13182 1183
3045 294
28480 2724
13219 1187
12473 1122
22647 2147
13245 1191
3119 301
13293 1195
13302 1196
13309 1197
13327 1199
23575 2230
3227 314
13401 1205
13447 1208
20518 1923
13486 1211
3388 331
13562 1215
18276 1676
20633 1932
13566 1216
3400 334
13574 1218
13584 1219
13605 1222
18712 1724
3451 341
13625 1223
13631 1224
15988 1427
31249 3068
3468 342
13642 1226
13664 1228
18768 1729
13681 1230
23109 2190
13688 1232
5516 541
30951 3017
20777 1945
13709 1234
26240 2487
16066 1437
31327 3075
20795 1946
30969 3021
13754 1237
29015 2788
3642 355
13816 1242
8356 775
13443 1207
18530 1706
20892 1955
10718 965
13847 1244
13855 1246
13863 1247
3689 362
13896 1249
16253 1457
13910 1250
16267 1458
23338 2214
14024 1255
24235 2299
14061 1259
16418 1477
3141 304
23489 2224
14069 1260
29348 2830
14087 1262
14172 1266
3998 388
14187 1267
14290 1270
16656 1506
19393 1802
14306 1273
14351 1277
26509 2508
1074 102
21422 2003
14367 1278
